0 858 322 1086 605
0 456 480 632 609
0 687 489 758 544
0 0 323 201 828
0 114 460 346 652
0 300 485 384 602
0 425 490 494 566
0 595 449 648 537
0 631 446 700 532
0 762 466 858 565
2 1821 424 1919 633
2 1578 431 1652 620
2 1547 412 1598 595
2 1503 434 1553 587
2 1459 425 1506 592
2 1417 440 1460 587
2 1335 440 1373 561
2 1309 449 1335 556
2 1229 451 1259 555
2 1248 453 1281 556
2 1285 459 1312 560
2 1107 456 1135 542
0 807 416 862 467
2 1838 414 1864 580
2 1729 423 1801 628
2 1386 470 1428 570
2 1088 465 1110 526
2 1168 464 1178 526
2 1141 461 1151 524
