2 55 531 74 605
2 63 546 87 605
2 94 528 112 600
2 92 536 135 609
2 131 535 153 601
2 135 527 156 591
2 158 525 177 595
2 237 534 264 607
2 262 536 298 605
2 356 527 375 604
2 408 531 429 605
2 426 531 456 606
0 355 506 451 600
2 499 532 518 602
2 445 535 464 604
0 488 539 558 590
0 477 523 531 578
0 594 522 662 585
0 575 511 629 579
0 538 492 626 568
0 794 528 868 578
2 733 524 753 601
0 704 514 777 582
2 956 528 989 588
2 1044 521 1069 582
2 1145 541 1209 583
2 1165 517 1197 569
2 1284 521 1315 586
2 1894 521 1916 597
2 110 528 130 600
