0 355 506 451 600
2 51 532 74 605
2 65 546 87 605
2 96 523 112 600
2 126 539 151 601
2 135 527 156 599
2 158 525 177 595
2 165 538 205 606
2 247 535 292 609
2 294 526 312 606
2 382 537 405 605
2 438 532 464 602
2 484 530 514 606
0 491 539 558 589
0 484 524 541 579
0 595 522 662 585
0 575 511 629 579
0 538 492 616 571
0 794 528 868 578
2 800 524 836 597
0 704 514 777 582
2 986 527 1045 587
2 985 521 1008 583
2 1245 540 1304 581
2 1261 518 1293 574
2 1340 520 1369 586
2 1894 521 1916 596
2 109 529 130 600
2 200 537 231 605
2 330 535 369 605
