2 1232 516 1265 586
2 1095 520 1122 585
2 1049 538 1112 584
2 1069 520 1096 578
2 907 529 940 589
0 794 528 868 578
0 704 515 776 582
2 1893 521 1918 597
1 1663 509 1720 578
2 664 525 686 602
0 593 522 665 585
0 575 511 629 579
0 538 492 626 548
2 554 531 573 600
2 501 534 526 603
2 475 530 492 600
2 418 526 436 603
2 368 533 402 609
0 355 505 455 600
2 336 535 359 605
2 300 534 318 606
2 158 525 178 597
2 68 545 89 605
2 94 528 113 600
2 136 540 154 602
2 134 526 156 589
2 112 528 132 599
2 56 529 75 604
0 490 539 558 589
