0 1545 516 1813 643
0 897 516 1229 697
0 594 522 662 584
0 575 510 631 579
2 880 521 905 590
0 528 494 603 570
2 1892 521 1917 596
2 729 527 747 596
0 488 539 559 589
0 703 515 776 582
2 797 528 827 593
2 844 520 873 589
0 795 528 868 578
2 959 525 978 577
2 909 526 924 594
2 835 525 855 594
2 504 537 549 599
0 355 505 456 601
2 274 557 352 608
2 297 530 332 601
1 0 608 34 691
2 0 556 10 623
2 10 563 88 613
2 31 535 66 606
2 57 530 81 604
2 67 546 91 604
2 95 529 113 600
2 111 528 134 600
2 131 530 171 609
2 158 525 178 596
