2 157 526 177 596
2 2 529 25 607
0 592 522 663 584
2 113 528 136 600
0 575 510 631 579
2 1151 521 1180 582
2 1080 520 1106 584
2 1159 516 1185 580
2 51 531 81 605
2 69 547 91 604
2 96 529 115 600
2 136 527 159 592
2 137 530 157 602
2 456 534 496 602
0 793 528 868 578
2 1279 520 1304 585
0 704 516 777 582
0 488 539 559 590
0 355 507 456 601
1 1665 518 1712 578
2 1127 541 1197 589
2 1189 522 1221 584
0 550 503 603 558
0 466 501 539 558
0 1463 534 1714 643
2 1227 521 1249 585
2 1188 518 1208 582
2 173 536 202 594
